0.0095
0.014243055555555556
0.0122
0.016075000000000002
0.0064
0.0009333333333333333
0.007512499999999999
0.0053121212121212125
0.0022666666666666664
0.012033333333333332
0.005066666666666667
0.011522222222222225
0.0072
0.0353
0.01232222222222222
0.009000000000000001
0.018237500000000004
0.015020833333333336
0.0016333333333333334
0.01968888888888889
0.018725
0.0027
0.0184875
0.012200000000000003
0.016475
0.008366666666666666
0.005666666666666668
0.0019458333333333333
0.0155175
0.00873333333333333
0.008633333333333335
0.027422222222222223
0.0049375
0.010143181818181817
0.007565277777777778
0.0008333333333333335
0.0013375000000000006
0.0013750000000000004
0.00695833333333334
0.016908333333333334
0.02823333333333333
0.0122
0.019733333333333332
0.020066666666666667
0.02197777777777778
0.0329
0.006025
0.008416666666666666
0.009099999999999999
0.0006111111111111111
0.0031666666666666666
0.007711111111111112
0.0011333333333333334
0.0011666666666666668
0.009890909090909093
0.030600000000000002
0
0.0131
0.0003625
0.004
0.001975
0.005366666666666667
0.005333333333333334
0.033279166666666665
0.0108
0.023933333333333334
0.004888636363636365
0.005922222222222223
0.005412500000000001
0.030457979797979793
0.01545
0.0057375
0.002266666666666667
0.022679166666666667
0.02871111111111111
0.008
0.014769444444444443
0.015450000000000002
0.006727272727272728
0.003775
0.028900000000000002
0.005233333333333333
0.05303333333333333
0.005225
0.022366666666666667
0.016666666666666663
0.0125375
0.0037666666666666664
0.020999999999999998
0.0243
0.006199999999999999
0.009422222222222224
0.010145833333333331
0.02333333333333333
0
0.006229166666666668
0.006675000000000001
0.012495833333333331
0.0030666666666666655
0.014433333333333333
